99
1.31539e+01 3.02247e+14 1.000000000000000e+00 7.924059841145025e+24 
4.15964e+01 1.92722e+15 6.169259279481307e+13 2.505807668014219e+25 
1.31539e+02 1.22885e+16 1.860872462786073e+14 7.924059423937975e+25 
4.15964e+02 7.83553e+16 4.369119950770521e+14 2.505807680526587e+26 
1.31539e+03 4.99617e+17 9.426655500142364e+14 7.924059495329077e+26 
4.15965e+03 3.18571e+18 1.962447510498414e+15 2.505807687848779e+27 
1.31540e+04 2.03130e+19 4.018694780069613e+15 7.924059508451510e+27 
4.15966e+04 1.29522e+20 8.164821727997488e+15 2.505807663902216e+28 
1.31541e+05 8.25871e+20 1.652486075510705e+16 7.924059658083515e+28 
4.15974e+05 5.26600e+21 3.338149934016331e+16 2.505807644963039e+29 
1.04486e+06 2.31800e+22 5.857816821409590e+16 6.294102349489669e+29 
2.62473e+06 9.75500e+22 1.004055721814147e+17 1.581048563692492e+30 
6.59342e+06 3.91100e+23 1.672445908502268e+17 3.971465145966746e+30 
8.30009e+06 5.25900e+23 1.853993607904809e+17 4.999376866698494e+30 
1.65595e+07 1.43500e+24 2.595623422384896e+17 9.973660496033646e+30 
3.30493e+07 3.83300e+24 3.585089573272083e+17 1.990381950930184e+31 
6.59614e+07 1.00600e+25 4.873408627392197e+17 3.972096421756260e+31 
1.31608e+08 2.60400e+25 6.531037676591118e+17 7.924185514819323e+31 
2.62627e+08 6.67600e+25 8.668829125769843e+17 1.581010510933329e+32 
3.30641e+08 8.73800e+25 9.366018376185472e+17 1.990326040909236e+32 
5.24197e+08 1.62900e+26 1.114334171397066e+18 3.154990652090343e+32 
8.30775e+08 3.02900e+26 1.323287268706243e+18 4.999330756439488e+32 
1.04612e+09 4.12900e+26 1.440795037900030e+18 6.294573320964452e+32 
1.21284e+09 5.03600e+26 1.521242995853970e+18 7.297259239950931e+32 
1.60570e+09 6.86000e+26 1.651715945730818e+18 9.659691765604057e+32 
2.54564e+09 1.27200e+27 1.935590497729989e+18 1.531069578411249e+33 
4.16720e+09 2.35600e+27 2.263224728681272e+18 2.505623574133712e+33 
6.60708e+09 4.36200e+27 2.639301662006303e+18 3.971410604134470e+33 
8.03213e+09 5.66200e+27 2.817147393866269e+18 4.827270435532915e+33 
1.01141e+10 7.70200e+27 3.042778033361100e+18 6.077355745852600e+33 
1.31940e+10 1.04800e+28 3.282121852456086e+18 7.926232354086528e+33 
1.66113e+10 1.42500e+28 3.535241085231377e+18 9.977012281438967e+33 
2.09180e+10 1.93800e+28 3.809161604300062e+18 1.256087305436726e+34 
2.53421e+10 2.50300e+28 4.053967260095088e+18 1.521431210324722e+34 
3.31637e+10 3.40400e+28 4.363318363094003e+18 1.990411051384790e+34 
4.17587e+10 4.62800e+28 4.690144905506305e+18 2.505579441072124e+34 
5.04170e+10 5.94900e+28 4.977342762902424e+18 3.024360291766293e+34 
6.62295e+10 8.08900e+28 5.345907967798401e+18 3.971459055860269e+34 
8.34179e+10 1.10000e+29 5.734898470055229e+18 5.000537213563283e+34 
1.02644e+11 1.45000e+29 6.126349461871532e+18 6.151011364420014e+34 
1.09233e+11 1.49500e+29 6.168785190039955e+18 6.545245071576842e+34 
1.41667e+11 2.03300e+29 6.582703960566844e+18 8.485402096747043e+34 
1.70263e+11 2.59700e+29 6.944192523028824e+18 1.019515849832320e+35 
1.84593e+11 2.89200e+29 7.110435091900086e+18 1.105164184710590e+35 
2.09806e+11 3.29000e+29 7.312519969362433e+18 1.255834956834120e+35 
2.73233e+11 4.47300e+29 7.801848418230920e+18 1.634726156913765e+35 
3.32806e+11 5.81600e+29 8.245437077153710e+18 1.990411147477900e+35 
4.19183e+11 7.53800e+29 8.702996319747471e+18 2.505866508378860e+35 
4.30290e+11 7.80500e+29 8.765734801915312e+18 2.572131836545424e+35 
4.33806e+11 7.89000e+29 8.785368677159612e+18 2.593107885326753e+35 
4.52757e+11 8.35200e+29 8.889390295443895e+18 2.706151228170520e+35 
4.82819e+11 9.09800e+29 9.048570664171560e+18 2.885448699848350e+35 
4.98408e+11 9.49100e+29 9.128510630567390e+18 2.978416008910103e+35 
5.11767e+11 9.83100e+29 9.195699128270491e+18 3.058071150620157e+35 
5.72080e+11 1.08300e+30 9.380678080395373e+18 3.417663208502142e+35 
2.11582e+12 2.15470e+30 1.037564963194245e+19 1.261389493382558e+36 
3.17919e+12 3.42720e+30 1.085414703793331e+19 1.894451946463182e+36 
4.48635e+12 5.26790e+30 1.133640688077958e+19 2.672230827682300e+36 
6.05602e+12 7.79760e+30 1.181774107176035e+19 3.605708338654609e+36 
7.91223e+12 1.11470e+31 1.229831643393568e+19 4.708995014306562e+36 
1.26032e+13 2.08940e+31 1.325777611571776e+19 7.494934042040174e+36 
1.88393e+13 3.58410e+31 1.421527872857379e+19 1.119452203052632e+37 
2.69418e+13 5.76110e+31 1.517122747854041e+19 1.599632410279401e+37 
3.72001e+13 8.81170e+31 1.612562127023895e+19 2.206923466682153e+37 
4.97172e+13 1.29470e+32 1.707855991947829e+19 2.947153433405880e+37 
7.20753e+13 2.16200e+32 1.850552123219039e+19 4.267593028180802e+37 
1.05175e+14 3.84750e+32 2.040430336852030e+19 6.218825974525202e+37 
1.23820e+14 5.04620e+32 2.144733296879816e+19 7.316163403371213e+37 
1.28554e+14 5.37110e+32 2.170362982997402e+19 7.594567750908440e+37 
1.69487e+14 9.91480e+32 2.469702911749327e+19 9.997940557917348e+37 
2.55195e+14 2.98270e+33 3.384107576296054e+19 1.499762092636652e+38 
3.41953e+14 6.95860e+33 4.683079806017296e+19 1.999642464177637e+38 
4.30171e+14 1.36680e+34 6.365179033566133e+19 2.499561056825113e+38 
5.20240e+14 2.37580e+34 8.395819093366610e+19 2.999507000991560e+38 
6.12518e+14 3.78300e+34 1.073661323418152e+20 3.499391667561932e+38 
7.07386e+14 5.64510e+34 1.334949947586570e+20 3.999316185925583e+38 
8.05184e+14 8.01620e+34 1.619826540349550e+20 4.499237348031987e+38 
9.06253e+14 1.09480e+35 1.924882537047817e+20 4.999174761747831e+38 
1.01095e+15 1.44910e+35 2.247028920909950e+20 5.499293291265769e+38 
1.11942e+15 1.86930e+35 2.583372589051640e+20 5.998765523182913e+38 
1.23229e+15 2.35990e+35 2.931190219237210e+20 6.499075129044263e+38 
1.34956e+15 2.92550e+35 3.288214330185877e+20 6.998888963467214e+38 
1.47162e+15 3.57020e+35 3.652231810039856e+20 7.498691824932931e+38 
1.59879e+15 4.29810e+35 4.021364703015169e+20 7.998556912633328e+38 
1.73136e+15 5.11290e+35 4.393846467386660e+20 8.498578212742019e+38 
1.86953e+15 6.01830e+35 4.768220183226808e+20 8.998504634508782e+38 
2.01360e+15 7.01760e+35 5.143135088808736e+20 9.498490313853149e+38 
2.16377e+15 8.11390e+35 5.517427376962397e+20 9.998365162543111e+38 
2.32033e+15 9.31010e+35 5.890099551736762e+20 1.049832542191260e+39 
2.48350e+15 1.06090e+36 6.260328865265146e+20 1.099826296636659e+39 
2.65347e+15 1.20130e+36 6.627368632042369e+20 1.149810401057349e+39 
2.83054e+15 1.35240e+36 6.990521036116749e+20 1.199809333865985e+39 
3.01481e+15 1.51440e+36 7.349280983263828e+20 1.249792917846635e+39 
3.20658e+15 1.68760e+36 7.703476204458491e+20 1.299787952970308e+39 
3.40594e+15 1.87200e+36 8.052428996047190e+20 1.349770304547800e+39 
3.61321e+15 2.06790e+36 8.396162019832176e+20 1.399768833202243e+39 
3.82848e+15 2.27540e+36 8.734396089430943e+20 1.449763978753986e+39 
4.05195e+15 2.49470e+36 9.067095505797893e+20 1.499762060514518e+39 
4.28372e+15 2.72580e+36 9.393985933337414e+20 1.549748819384672e+39 
